image: turtlebot3_stage_1.pgm
resolution: 0.055000
origin: [-16.50000, -16.50000, 0.000000]
negate: 0
occupied_thresh: 0.65
free_thresh: 0.196

