image: turtlebot3_stage_1.pgm
resolution: 0.05000
origin: [-15.0000, -15.0000, 0.000000]
negate: 0
occupied_thresh: 0.65
free_thresh: 0.196

